0000010000. 10, 30, 33, 300. nmo. 44, 443, 443, 433, 344, 344, 343, 333,
emm„ ι, ,35556 , ῃ, 3,, 333, 344, 343, 344, 334, 334, 334.

σω, Π, 4,,6, ‚ 7144444, qui Mercurius latine dicitur. 11, 33, 37,

concnam Α[44“4α4444444,11,6142,- 4154463444, Ηιῗὲἓῖἑ, Ι, 555,

1, 600 ;-Arausicanmn, Ι, 218 ;-Α43144444444,
1, 2303 - Aurelianense, 1, 218, - Cabilo- mmmm& 1, 11,13, 16, 1181516, 31, 36,
nense, Ι, 6014;- CarthaginIeme, 1, 216, ll, 61, 93, 05, 33, 108, ¹2¹0 1194 133, 1311,
44, 443,- 4444444444, 4, 533,-Ephesi· 188, 181, 118, 111, 151, 158, 158, 161,
4444444, 11, 1063—Gangrense, 1, 221,’Π,338, 162, 1611, 161, 168, 177, 166, 169, 191,
-Ηὶψαῐεηκ, 1, 173, - Mogumieme, Ῑ, 197, 2⁰93 225. 1111911131, 1311169, 262,
343, 334, 334 ;- 0100000000, 1, 344;- 181, 188, 151, 511, 881, 885, 151, 115,
1134314443, 1, 6014, - Reme, 1, 0033 - 1131141166, 613, 6111, 6111, 616, 6111, 556,
4444445344, 4, 343, 334 ; - 4444444444, 4, 551, 585, 5111, 518, 515, 518, 511, 581,
219, ·- Tribuburieuse, 1, 216. 6116, 616, 033, 638, 6114 683, 685, 6884
692, 6914, 697, 698, 11, 16, 214, 29, 147,
Cumas. 1, 182, 503;11, 373, 115. 5,, 6,, 66, 6,, 66, 66, 66, 66, ,6, 75, ,6,
emaus. 11, 000 530. 7981331111, 113, 113, 156, 055, 059,
’ 160, 1814, 197, 199,223,235, 328, 337, 3147,
Dum* 1111 3⁸2· 343, 334, 344, 343, 333, 334, 334, 334, 444,
numus. 11, 59, 005, 539, 598. 14014, 1405, 1409, 033, 1415, 1416, 1419, 120,
1421, 033, 14231214, 1425, 134133433133,
E Π 6,, m 030, 137, 003, 003, 000, 1462, 1490, 506,
⁰⁰¹¹¹⁰³² W· ’ ‚ · 530‚535, 000, 003, 444, 030, 033.

11111111· V 11· 1510111111111111111· 444,,,44 4, 003,11, 34, 35, 33, 30, 005, 344,
1144444443 Eamus. 1, 005. 378, 1468.

Ε444444444443, episcopus. 11, 300.

1144331444, papn. 1, 217. · nmmum. n, 141, 382.
(14443444, papa. Ι, 217, 219. 71340344 7344334434444.Ι,18, 32, 129, 150, 307,

Gmm1us.De orthodoxa fide ecclesiasticorum 682311, ¹55·

dogmatum, 44, 4, 44, 44, 34, 303, 335, 8111111111111111318· ,
333, 434, 050, 003, 033, 344, 333. nonnus. carm, 1, 30311, 334, -46344,
443, 333, 334, 334, n, 33, 334, 443, 433,
444.

64344 9044444344. 11, 60, 399.

0444444443 Μ44434444. 1, 81, 89,109, 1314, 158,

170, 180, 182, 196, 199, 205, 208, 211,
003, 510 6, sqq„ 636, 539, 555, 555, 557, 1444444443. 1, 131, 370, 382, 506, 671, 672, 676,

,,,, 6,, 030; Π, 8, ,,, ,,, ,3, ,5, ,0, 11, 30, 34, 34, 44, 44, 344, 344, 344, 443,
44, 44, 43, 44, 444, 434, 343, 344, 344, 118151, 114, 343, 343, 334.

344, 334, 344, 303, 333, 303, 003, 000, 100 carnotensis. 11, 533.

003, 444, 443, 434, 444, 343, 533, 530, ,,,,,,, dimum ,,,,,, Π, ,5,

1114111· 13m00.1,00, 038;11‚ 053.

mactmus, papa. 1, 100.

6444ο4444311441444434433.1,198, ,6,Μῃς, ι, 449,

6113444444 Tmomsu. 1, 519, 522,11, 155. 5344444443. 1, 314, 1149, 11, 1214, 256.
Δ(5444334444 vn, papa. 1, 621. [amamus. 1, 1142; 11, 57, 396.

 

