 

INDEX

memnon QUI A PETRO ABAELARDO CITANTUR.

mmmwwwwmww
0οω00οηοΛ00οω,
mfflwmwmmmsso
mmfflssmwofflm
mm

4000000000. 1, 968.
nomos commum. 11, 160, 151, 598.

8000000ωο rhetor. 11, 595.

hunnos. Ι, 648.

Ammon. Coeeg„ 1, 696, 11, 89, 98, 479,
481, 556, 558, 676, 684, 685,-1100000070,
11, 149, 143, 448, 451, 489, 614, 743, 744,
vom-Eteocle. sophor„ 1, 697. - Τομέα, 1,
699.- Physic.,11, 474, ubi notulam videas.

Ammo. 1, 99, 191, 698, Π, 16,165, 187,
mmmm

Auousmus. 1,14,19, 89, 96, 116, 198, 149,
147,149, 156, 156, 186181, 189, 196,
191, 199, 194, 198, 943, 951, 985, 988
993, 866, 388, 449, 448, 479, 476, 485,
517, 519, 556, 565, 581, 588, 661, 667,
619, 616, 691, 696, 688, 689, 648, 649,
656, 669, 678, 684, 685, 698, 696, 697,
698.

-Π, 8, 4, 5, 8, 11,19,18, 16, 19, 99, 91,
97, 99, 80, 81, 89, 38, 34, 85, 86, 41, 44,
49, 54, 55, 66, 67, 76, 78, 75, 76, 81,
89, 85, 87, 89, 99, 165167, 111, 118
117, 191, 199, 198, 194, 158,159,164,
189, 195, 999, 969, 915, 918, 998, 988,
989, 949, 949, 966, 976, 894, 888, 845,
859, 868, 865, 866, 868, 878, 875, 876,
878, 885, 886, 887, 399, 398, 894, 896

Μωωωῌηωωωτ
11

memmmwww
mfflmfflmwww
QOQOmm
000, 000, 000, 000, 000, 000, ooo, 000,
000, 000, 000, 000, ooo, 000, 000000, 000,
mmmmmmmm
000000

80000000. 1, 179.

mommwmmomm,
mmmffimmmffim
mm

mmstmemmm,
wwwomfflmmmffi

mmmm

nomm Super Porphyrium, 11, 34, 876, 418,
685 , - Io Prodicomenta, 11, 19, 518, -
do Interprototione, 11, 989, 786, 787, 748, - .
de Differeoto'is Topicis, Π, 89, 93, 94, 479,
485, 488, 563, 679, 678, - Liber Dio·-
siouwn, 11, 98, 488, 519, - Super Topica
ciceronio, 113 9, 597, 598, - de Musica, 11,
46 , - contra Eutycoem,11‚ 198, 495, -
de Trinitate, 11, 86, 469, 566, 597, - de
Consolatione, l, 656, 675, 11, 46, 59, 71, 87,
000400, 000, too, 000, -ιιι mosoma,
649, 11, 458.

Bounomos. 1, 917.

0 (1100000000104005, Π, 847, 848, 868,

m
cmmmmooaemmmwo
Jomm emmaus. Ι, 197, 385, 386, 887,

mmmwffimmmm

559.
194

 

